0 0.727225 0.266194 0.215179 0.159453 0.998676
0 0.839066 0.875269 0.243261 0.175347 0.998468
0 0.596685 0.890195 0.24547 0.154904 0.991284
0 0.834044 0.554982 0.299171 0.151997 0.988886
0 0.33732 0.707438 0.277737 0.197146 0.976762
0 0.518984 0.525942 0.308724 0.206546 0.975582
0 0.186583 0.529834 0.341814 0.173165 0.971047
0 0.11778 0.342844 0.196788 0.192276 0.960488
0 0.798121 0.421452 0.371058 0.146469 0.933833
0 0.60026 0.722646 0.237942 0.181969 0.883069
0 0.902112 0.261641 0.160905 0.206424 0.868028
