0 0.461976 0.521815 0.262664 0.136047 0.998467
0 0.478787 0.363816 0.259715 0.172588 0.997717
0 0.782082 0.516433 0.363251 0.165141 0.99669
0 0.173455 0.553135 0.301305 0.162259 0.995978
0 0.174931 0.374341 0.308067 0.188546 0.99583
0 0.430995 0.671696 0.288366 0.160154 0.995573
0 0.161161 0.69608 0.239228 0.110764 0.993583
0 0.775979 0.689923 0.375214 0.176962 0.985967
0 0.791528 0.316785 0.357738 0.23765 0.979844
0 0.786633 0.845195 0.362021 0.119836 0.977858
0 0.48573 0.844466 0.262398 0.173683 0.812646
